# generated by PrusaSlicer 2.8.0+linux-x64-GTK3 on 2024-12-23 at 15:33:16 UTC

[snapshot]
id = 20241223T153316Z
time_captured = 20241223T153316Z
slic3r_version_captured = 2.8.0+linux-x64-GTK3
comment = PrusaSlicer-Ender3-v2
reason = user

[presets]
print = 3.0 mm_Standard Draft (0.4 mm nozzle)
sla_print = 0.05 Normal @SL1S
filament = Standard TPU
sla_material = Prusament Resin Tough Prusa Orange @0.05 SL1S
printer = TPU
physical_printer = Ender_3-V2 * TPU

[Vendor:Creality]
version = 1.0.0
min_slic3r_version = 2.8.0-alpha0
max_slic3r_version = 2147483647.2147483647.2147483647
model_ENDER3S1PRO = 0.4
model_ENDER3V2 = 0.4

[Vendor:PrusaResearch]
version = 2.0.4
min_slic3r_version = 2.8.0-alpha0
max_slic3r_version = 2147483647.2147483647.2147483647
model_MK4 = 0.4
model_MK4IS = 0.4

[Vendor:PrusaResearchSLA]
version = 1.0.1
min_slic3r_version = 2.8.0-alpha0
max_slic3r_version = 2147483647.2147483647.2147483647
model_SL1S = default

[Vendor:Voron]
version = 2.0.0
min_slic3r_version = 2.8.0-alpha0
max_slic3r_version = 2147483647.2147483647.2147483647
model_Voron_v2_250 = 0.4
model_Voron_v2_250_afterburner = 0.4
